# VERSION 1.1
# RECEIVER hfs2
# AGENCY Norwegian Mapping Authority
# YEARDOY 2011 270
% This is an example file
% Note that comment lines may also contain no text:
%
% Now lets see some data:
2011 09 27 07 49 30.0 005
122 3.46 79.51 1.78 0.150 0.068 0.000 0.109 0.708 0.000
4 29.01 58.18 17.43 0.125 0.033 0.000 0.000 0.027 0.000
9 12.74 58.26 59.49 0.000 0.010 0.000 0.000 0.008 0.000
12 7.69 59.12 67.02 0.022 0.013 0.000 0.014 0.017 0.000
14 1.87 61.99 39.87 0.055 0.016 0.000 0.00 0.013 0.000
2011 09 27 07 50 30.0 006
1 2.72 79.75 1.50 0.159 0.086 0.000 0.147 0.096 0.000
4 28.85 58.27 17.71 0.087 0.032 0.000 0.000 0.026 0.000
9 12.80 58.22 58.99 0.010 0.010 0.000 0.000 0.008 0.000
12 7.75 59.14 67.50 0.017 0.015 0.000 0.016 0.017 0.000
14 1.90 61.94 40.07 0.056 0.021 0.000 0.000 0.016 0.000
15 10.51 40.30 1.49 0.219 0.069 0.000 0.119 0.114 0.000
