1.0
<StartOfComments>
This data file was generated by the Norwegian Mapping Authority (NMA)

ROTI is the Rate-Of-TEC-Index mapped to the altitude of
the single layer ionosphere shell.

ROTI_Ground is the average ROTI observed by receivers on
the ground.

The primary data source is the NMA GNSS receiver network, which
consists of more than 150 receivers located on the
Norwegian mainland and islands.
Additional GNSS receiver data sources are provided by cooperating
partners in Denmark (The Danish Geodata Agency) and Sweden (Lantmäteriet).

Ionosphere altitude: 350 km
Elevation cutoff applied to data used for "ROTI": 30 degrees
Elevation cutoff applied to data used for "ROTI_Ground": 5 degrees
<EndOfComments>
<StartOfDefineGrid>
 -10     40      1
  50     80      1
<EndOfDefineGrid>
<EndOfHeader>

<StartOfEpoch>
2015  3 17  0  0      0
<StartOfVariable>
ROTI
TECU/min
9999999999 9999999999 9999999999 9999999999 9999999999 9999999999 9999999999 9999999999 9999999999 9999999999 9999999999 9999999999     0.5301     0.2549     0.2471     0.2833      0.284     0.2863      0.285     0.2855     0.2858      0.288     0.2903     0.2881     0.3003     0.3027     0.3132     0.3199     0.3235     0.3287     0.3367     0.3353     0.3432      0.353     0.3371 9999999999 9999999999 9999999999 9999999999 9999999999 9999999999 9999999999 9999999999 9999999999 9999999999 9999999999 9999999999 9999999999 9999999999 9999999999 9999999999
9999999999 9999999999 9999999999 9999999999 9999999999 9999999999 9999999999 9999999999     0.5301     0.5301     0.5301     0.4227     0.3291     0.3109     0.3007      0.292     0.2862     0.2899     0.2865     0.2885     0.2975      0.316     0.3167      0.317     0.3214     0.3133     0.3206     0.3263     0.3354      0.342     0.3492     0.3641     0.3875     0.3843     0.4156     0.4582     0.5823 9999999999 9999999999 9999999999 9999999999 9999999999 9999999999 9999999999 9999999999 9999999999 9999999999 9999999999 9999999999 9999999999 9999999999
9999999999     0.5615     0.5615     0.5615     0.5615     0.5615     0.5468     0.5369     0.5348      0.526     0.4136     0.3597     0.3407     0.3286     0.3211     0.3101     0.3039     0.3149     0.3172     0.3179     0.3239      0.328     0.3269     0.3248       0.32      0.323     0.3263     0.3369     0.3377     0.3451     0.3593     0.3736     0.3847     0.3946      0.414     0.4153     0.4764     0.5823     0.5823 9999999999 9999999999 9999999999 9999999999 9999999999 9999999999 9999999999 9999999999 9999999999 9999999999 9999999999 9999999999
  0.5615     0.5615     0.5615     0.5615     0.5615     0.5438     0.5409     0.5103     0.5085     0.4465     0.4091     0.4015     0.3919     0.3742     0.3561     0.3391     0.3308     0.3224     0.3165     0.3178     0.3074     0.3324     0.3253     0.3085     0.2786     0.3202     0.3288     0.3313     0.3341      0.351     0.3848     0.4061     0.4194     0.4251       0.44     0.4465     0.4939     0.4865      0.556     0.5549     0.5436     0.5944 9999999999 9999999999 9999999999 9999999999 9999999999 9999999999 9999999999 9999999999 9999999999
  0.6184       0.61     0.6018     0.5843     0.5531     0.5461     0.5069     0.5005     0.4765     0.4538     0.4488     0.4521     0.4509     0.4212     0.3836     0.3511     0.3008     0.2779     0.2881     0.3634     0.3318     0.3358     0.2981     0.3168     0.3319     0.3106     0.3562      0.407     0.3896     0.4281     0.4304     0.4461     0.4741     0.4805     0.4824     0.4984     0.5008     0.5346      0.549     0.5937     0.5825     0.5871     0.5997     0.5525     0.5944     0.5944 9999999999 9999999999 9999999999 9999999999 9999999999
  0.6218     0.5846     0.5783     0.5483     0.5464     0.5419     0.5309     0.4916     0.4728     0.4619      0.462     0.4835     0.5281      0.463     0.3984     0.3528     0.2901     0.2921       0.31     0.3203     0.3851     0.4113     0.4183     0.4238     0.3977     0.3581     0.3591     0.4296     0.4071     0.4513     0.4283     0.4927     0.5812     0.5236     0.5019     0.5075     0.5218     0.5447     0.5596     0.5828     0.6123     0.6077      0.598     0.6035     0.6057     0.6342     0.5928 9999999999 9999999999 9999999999 9999999999
  0.5937     0.5682     0.5492     0.5516      0.558     0.5578     0.5354     0.4889     0.4679     0.4685     0.4933     0.4928     0.4595     0.4454     0.4214      0.371     0.3156     0.3736     0.3927     0.2787     0.4214     0.4933     0.4519     0.4202     0.4149     0.4068     0.2898     0.4282     0.3832     0.4498     0.3633     0.4094     0.4626     0.4904     0.5082     0.5234     0.5317      0.541     0.5519     0.5721     0.5792     0.6019     0.6011     0.5931     0.6045     0.5903     0.6325     0.5926     0.5908 9999999999 9999999999
  0.5709     0.5716     0.5701     0.5638     0.5497     0.5385     0.5074     0.4739     0.4563     0.4415     0.4028     0.4119     0.4589     0.4767     0.5394     0.4544     0.4186     0.4497     0.4472     0.4661     0.4743     0.4964     0.4235     0.4634     0.4037     0.4963     0.5229     0.5154     0.5032      0.524     0.5116      0.386     0.3845     0.5252     0.5512     0.5471     0.5317     0.5153     0.5444     0.5767     0.5897     0.5946     0.5927     0.5957     0.5859     0.5919     0.6047     0.6034     0.5923     0.5908     0.5908
   0.587     0.6184     0.6499     0.6607     0.5828     0.5175     0.4893      0.465     0.4379     0.4258     0.4358     0.4486     0.4638     0.4786     0.4614     0.4722     0.4975     0.4848     0.4923     0.4721     0.4846     0.5053     0.4835     0.4782     0.4716     0.4726      0.471     0.4912     0.4942     0.4678      0.433     0.4221     0.4653      0.551     0.6297     0.6192     0.5688     0.5543     0.5841     0.6145     0.6081     0.6081     0.5979     0.5931     0.5876      0.592     0.5785     0.5849     0.5953     0.6069     0.5908
   0.564     0.5883     0.6448     0.6682     0.5563      0.506     0.4842      0.475     0.4289     0.3975     0.4062     0.3934     0.4311     0.4542     0.4571     0.4705     0.4621     0.4585     0.4683     0.4693     0.4617      0.515     0.4494     0.5498     0.5464     0.4624     0.4871     0.5186     0.5018     0.4852     0.5049     0.4742     0.4914     0.5623     0.5508     0.5668     0.5719     0.6054     0.6063     0.6749     0.6513     0.5967     0.5895     0.5877     0.5853       0.58     0.5835     0.5993     0.5939     0.5694     0.5961
  0.5194      0.511     0.5006     0.4993     0.5049     0.5028     0.5048     0.4822     0.4414     0.4158      0.415     0.4361     0.4749     0.4492     0.4558     0.4684     0.4888     0.4858     0.4647     0.4568     0.4455      0.454     0.4646     0.4555     0.4574     0.4567     0.4647      0.548     0.5306     0.4912     0.4246     0.5065     0.6907     0.4235     0.4717     0.5812     0.3909     0.4738     0.5949     0.5854     0.4641     0.4987     0.5647     0.5801     0.5874     0.6007     0.6114     0.5818     0.5965     0.5768     0.6027
  0.5082      0.491      0.465     0.4747      0.517     0.5307     0.5564     0.4994     0.3694     0.2867     0.3872     0.4656      0.495     0.4644     0.4542     0.4841     0.4053     0.4519     0.4439     0.4409     0.4153     0.4428     0.4294     0.4248     0.4704     0.4695     0.4715     0.4422     0.4741     0.4642     0.4881     0.2524     0.4923     0.4782     0.5824     0.4937     0.5049      0.517     0.5113     0.4933     0.3617     0.5372     0.6307     0.5985     0.5915      0.593     0.6035     0.6212     0.6192      0.611     0.5807
  0.5249      0.536     0.5555     0.6066     0.7447     0.7743     0.5796     0.5353     0.4767     0.4498     0.4478     0.4519     0.4527     0.4515     0.4703     0.4625     0.4435     0.4279     0.4248     0.4367     0.4504     0.4519     0.4374     0.4375     0.4857     0.4354     0.4636     0.4795      0.483     0.3961     0.4465     0.4162     0.3978     0.3925       0.43     0.4655      0.496     0.5681     0.6083     0.5881     0.5972     0.6942     0.6394      0.576     0.5921     0.6006      0.607     0.6117     0.5985     0.6048     0.6082
  0.5283     0.5392     0.5579     0.5726     0.5802     0.5673     0.5455     0.5145      0.482     0.4649     0.4561     0.4519     0.4485     0.4407     0.4277     0.4381     0.4342     0.4336     0.3586     0.4211     0.4164     0.4319     0.4408     0.4582      0.432     0.4377     0.4536       0.45     0.4592     0.4809      0.399     0.4137     0.3516     0.4314     0.4201     0.4491     0.4925     0.6119     0.6537     0.6166     0.6401     0.6766     0.6396     0.5792     0.5809     0.5866     0.5913     0.5917     0.6046     0.6059     0.6084
   0.498     0.4889      0.485     0.4951     0.5101     0.5196     0.5131     0.4972      0.475       0.46      0.453     0.4504     0.4456     0.4437     0.4415     0.4415     0.4478     0.4357     0.4406     0.4596     0.4482     0.4313     0.3145     0.3567     0.4213     0.4815     0.4244     0.4411     0.4161     0.4486      0.509      0.518     0.4687     0.5594     0.4548     0.4498     0.4893     0.4453      0.401     0.6989     0.7176      0.808     0.8029      0.605     0.5767     0.5754     0.5759     0.5743     0.5734      0.584     0.5993
  0.4752     0.4391      0.423     0.4262     0.4489     0.4784      0.493     0.4878     0.4777     0.4665     0.4539      0.447     0.4608     0.4558     0.4606     0.4655     0.4618     0.4596     0.4599     0.4539     0.4395     0.4297     0.4456     0.4362     0.4229     0.4716     0.4658     0.4463     0.4383     0.4608     0.4251     0.5111     0.5178     0.3868     0.4658       0.48     0.4705     0.4518      0.478      0.515     0.4818     0.5391     0.4604     0.5101     0.5398     0.5464     0.5499      0.551     0.5495     0.5542     0.5605
  0.5591     0.5187     0.4971      0.501     0.5263     0.5599     0.5518      0.509     0.4866      0.471     0.4891     0.5218     0.5096     0.5219     0.5174     0.5071     0.5015     0.4743     0.4179     0.4639     0.4601      0.432     0.3955     0.4696     0.4207     0.3754     0.4839     0.4838      0.433     0.4519     0.4394     0.4627     0.4582     0.4966     0.4772     0.4934     0.5145     0.5464     0.5328     0.5018     0.6788     0.6058     0.6887     0.5788     0.5204     0.5351     0.5381     0.5411     0.5401     0.5355     0.5295
  0.7434     0.7256     0.7166     0.7087      0.697      0.694     0.6603     0.6029     0.6239     0.6182     0.6231     0.6285      0.614     0.6113     0.6086     0.6095     0.5836     0.5373     0.5073     0.4885     0.4697     0.4999     0.4829     0.4753     0.5238     0.5865      0.609     0.6013     0.5274     0.5201     0.4567     0.4479     0.5483     0.5339     0.4402     0.4982     0.5409     0.5901     0.5683     0.5565     0.5178     0.6225     0.4154     0.4504     0.5187     0.5353     0.5453      0.542     0.5438     0.5322     0.5273
  0.7504     0.7183      0.721     0.7404     0.7643     0.7793     0.7533     0.7518     0.7067     0.7891        0.8       0.75     0.7382     0.7544      0.787     0.7942     0.7972     0.7827     0.7884     0.8963     0.7642       1.34      1.155     0.6908        1.1      1.332      1.729      1.584      1.367     0.9931     0.6865     0.6482     0.4148     0.4845     0.5548     0.5678     0.5924     0.4627     0.5329     0.5595     0.5165     0.4531     0.5104     0.4872     0.4969     0.5193     0.5285     0.5358     0.5447     0.5384     0.5235
   1.148     0.9507     0.8737     0.8607     0.8592     0.8532     0.7973     0.8336     0.9249     0.8854     0.8966     0.9183     0.9203     0.9325     0.9995      1.089      1.146      1.261      1.456      1.808      2.291      3.366      2.408      1.907      1.718      1.743      2.151      2.634      2.601      2.712      2.897      1.847      1.726      1.427      1.589      1.364      1.161     0.9372     0.7805     0.5101     0.6075     0.5145     0.4981     0.4426     0.4633      0.485     0.5072       0.53     0.5416     0.5504     0.5375
    1.54      1.403      1.249      1.131      1.014      0.915     0.8088     0.7587     0.7662     0.7614     0.7642     0.8061     0.8877      0.997      1.116      1.242      1.305      1.393      1.453      1.515      1.555      1.562      1.538      1.502      1.471      1.439       1.41      1.304      1.243      1.067      1.195      1.263      1.286      1.424      1.343      1.533      1.621      1.261     0.9781     0.6209     0.6294     0.6599     0.6818     0.6258     0.5747      0.563     0.5692     0.5702     0.5661     0.5679      0.558
   1.314      1.247      1.157      1.051     0.9491     0.8428     0.7324     0.6549      0.658     0.6149     0.5902     0.6028     0.7008     0.8937      1.147      1.287      1.433      1.486      1.538      1.586      1.655        1.7      1.759      1.699      1.535      1.388       1.27      1.179      1.126      1.053     0.9628      1.102      1.207      1.234      1.224      1.182      1.134      1.069     0.9897     0.9244     0.8638     0.8089     0.7604     0.7253     0.6916     0.6753     0.6639     0.6497     0.6342     0.6307     0.6009
   1.043      1.023     0.9834     0.9255     0.8644     0.7787     0.7989     0.8062      0.769     0.7462     0.8312     0.9047      0.999      1.151      1.259       1.36      1.452      1.565      1.663      1.773      1.877      2.008      2.119      2.099      1.892      1.658      1.508      1.415      1.362      1.326       1.29      1.267      1.257      1.231      1.209      1.185      1.157       1.11      1.082      1.023     0.9938     0.9395     0.8529     0.8321     0.8143       0.77     0.7636     0.7343     0.7088     0.7102     0.6465
  0.8842     0.8817     0.8409     0.8042     0.8943      0.941     0.9454     0.9287     0.9742     0.9713      1.005      1.021      1.045      1.076      1.188      1.229      1.299      1.378      1.507      1.633      1.745       1.79      1.776      1.749      1.753      1.767      1.778      1.758      1.688      1.607      1.514      1.437      1.394      1.353      1.315      1.307      1.302       1.28      1.212      1.154      1.108      1.059      1.001     0.9679     0.9461     0.9289     0.9049     0.8701     0.8089     0.8085     0.7564
  0.8974     0.9464     0.9244     0.9211     0.9709     0.9656     0.9479     0.9647     0.9939      1.004      0.992     0.9785      0.964     0.9492     0.9347     0.9205     0.9079     0.9059     0.9365      1.045      1.322      1.553      1.558      1.531      1.573      1.662      1.708      1.693      1.637       1.57      1.495      1.425      1.382      1.356      1.337      1.329      1.324      1.332      1.334      1.353      1.371       1.38      1.376      1.348      1.293      1.259      1.242      1.197      1.234      1.305      1.372
  0.9546     0.9406     0.9264     0.9313     0.9962      0.991      1.004     0.9935     0.9915     0.9846     0.9583     0.9374     0.8965     0.8546     0.8228     0.8029     0.7867     0.6964     0.5943     0.6346     0.7385     0.8939      1.102      1.304      1.441      1.498      1.506      1.492      1.474      1.455      1.436      1.424      1.407      1.393      1.387       1.39      1.391      1.402      1.438      1.448      1.455      1.456      1.456      1.456      1.454      1.456       1.46      1.467      1.477      1.489      1.464
  0.9268     0.9726     0.9802     0.9876     0.9946      1.038      1.041      1.043      1.044      1.051      1.052      1.043      1.038      1.025      1.022      1.051      1.124      1.211      1.242       1.23       1.23      1.273      1.364      1.476      1.555      1.577       1.56      1.527      1.498      1.476      1.453      1.418       1.38      1.338      1.296      1.275      1.285      1.316      1.354      1.389      1.428      1.448      1.464      1.473      1.521      1.545      1.576      1.611      1.648      1.686      1.723
  0.9783      0.976     0.9794     0.9937      1.008      1.033      1.046      1.066      1.074       1.08      1.091      1.107      1.157      1.197      1.145      1.036      1.032      1.291      1.429      1.417       1.38      1.356      1.355      1.373      1.408      1.444      1.484       1.53      1.574      1.615      1.646       1.66      1.632      1.519      1.404      1.385      1.391      1.411      1.436       1.48      1.515      1.555      1.597       1.64      1.684      1.731      1.776       1.82      1.879      1.915      1.945
  0.9017     0.9163     0.9331     0.9439     0.9641     0.9797      1.008      1.027      1.041      1.058      1.059      1.058      1.066      1.091      1.122      1.153      1.182       1.21      1.236      1.263      1.284      1.306      1.329      1.374      1.409      1.451      1.498      1.571      1.616      1.668      1.693       1.71      1.713      1.704       1.69      1.676      1.667      1.663      1.678      1.698      1.738      1.785      1.835      1.888      1.948      1.997      2.038      2.068      2.084      2.086      2.073
  0.7676     0.7769     0.7883     0.8025     0.8196     0.8398     0.8635     0.8892     0.9232     0.9823      1.035      1.095       1.17      1.256      1.345      1.422      1.471      1.489      1.478      1.449      1.413       1.38      1.356      1.395      1.431      1.452      1.479      1.534      1.562      1.601       1.64      1.687      1.721      1.739      1.791      1.816      1.871      1.927      1.975      2.029      2.088       2.16      2.221      2.277       2.34      2.378      2.403      2.414      2.406      2.377      2.325
   0.654      0.657     0.6599     0.6564     0.6543     0.7179     0.8815     0.8967     0.8702     0.8581     0.8787     0.9458      1.045       1.17      1.296      1.398      1.458       1.48      1.481      1.459      1.442      1.431       1.42      1.436      1.449       1.47        1.5      1.535      1.575      1.619      1.711      1.764      1.816      1.871      2.027      2.116      2.216      2.277       2.34      2.404      2.467      2.529      2.613      2.664       2.71      2.755      2.778      2.785      2.775      2.759      2.748
<EndOfVariable>
<StartOfVariable>
ROTI_Ground
TECU/min
9999999999 9999999999 9999999999 9999999999 9999999999 9999999999 9999999999 9999999999 9999999999 9999999999 9999999999 9999999999 9999999999 9999999999 9999999999 9999999999 9999999999 9999999999 9999999999 9999999999 9999999999 9999999999 9999999999 9999999999 9999999999 9999999999 9999999999 9999999999 9999999999 9999999999 9999999999 9999999999 9999999999 9999999999 9999999999 9999999999 9999999999 9999999999 9999999999 9999999999 9999999999 9999999999 9999999999 9999999999 9999999999 9999999999 9999999999 9999999999 9999999999 9999999999 9999999999
9999999999 9999999999 9999999999 9999999999 9999999999 9999999999 9999999999 9999999999 9999999999 9999999999 9999999999 9999999999 9999999999 9999999999 9999999999 9999999999 9999999999 9999999999 9999999999 9999999999 9999999999 9999999999 9999999999 9999999999 9999999999 9999999999 9999999999 9999999999 9999999999 9999999999 9999999999 9999999999 9999999999 9999999999 9999999999 9999999999 9999999999 9999999999 9999999999 9999999999 9999999999 9999999999 9999999999 9999999999 9999999999 9999999999 9999999999 9999999999 9999999999 9999999999 9999999999
9999999999 9999999999 9999999999 9999999999 9999999999 9999999999 9999999999 9999999999 9999999999 9999999999 9999999999 9999999999 9999999999 9999999999 9999999999 9999999999 9999999999 9999999999 9999999999 9999999999 9999999999 9999999999 9999999999 9999999999 9999999999 9999999999 9999999999 9999999999 9999999999 9999999999 9999999999 9999999999 9999999999 9999999999 9999999999 9999999999 9999999999 9999999999 9999999999 9999999999 9999999999 9999999999 9999999999 9999999999 9999999999 9999999999 9999999999 9999999999 9999999999 9999999999 9999999999
9999999999 9999999999 9999999999 9999999999 9999999999 9999999999 9999999999 9999999999 9999999999 9999999999 9999999999 9999999999 9999999999 9999999999 9999999999 9999999999 9999999999 9999999999 9999999999 9999999999 9999999999 9999999999 9999999999 9999999999 9999999999 9999999999 9999999999 9999999999 9999999999 9999999999 9999999999 9999999999 9999999999 9999999999 9999999999 9999999999 9999999999 9999999999 9999999999 9999999999 9999999999 9999999999 9999999999 9999999999 9999999999 9999999999 9999999999 9999999999 9999999999 9999999999 9999999999
9999999999 9999999999 9999999999 9999999999 9999999999 9999999999 9999999999 9999999999 9999999999 9999999999 9999999999 9999999999 9999999999 9999999999 9999999999 9999999999 9999999999 9999999999 9999999999     0.5627     0.5627     0.6051     0.6204     0.6204 9999999999 9999999999 9999999999 9999999999 9999999999 9999999999 9999999999 9999999999 9999999999 9999999999 9999999999 9999999999 9999999999 9999999999 9999999999 9999999999 9999999999 9999999999 9999999999 9999999999 9999999999 9999999999 9999999999 9999999999 9999999999 9999999999 9999999999
9999999999 9999999999 9999999999 9999999999 9999999999 9999999999 9999999999 9999999999 9999999999 9999999999 9999999999 9999999999 9999999999 9999999999 9999999999 9999999999 9999999999     0.5924     0.5958     0.5951     0.5676      0.569      0.559     0.6206     0.7811     0.7319     0.7524 9999999999 9999999999 9999999999 9999999999 9999999999 9999999999 9999999999 9999999999 9999999999 9999999999 9999999999 9999999999 9999999999 9999999999 9999999999 9999999999 9999999999 9999999999 9999999999 9999999999 9999999999 9999999999 9999999999 9999999999
9999999999 9999999999 9999999999 9999999999 9999999999 9999999999 9999999999 9999999999 9999999999 9999999999 9999999999 9999999999      1.002      1.002      1.002      1.002 9999999999     0.4869     0.5087      0.569     0.5946      0.529     0.5736     0.7024     0.7756     0.7404      0.699      0.699 9999999999 9999999999 9999999999 9999999999 9999999999 9999999999 9999999999 9999999999 9999999999 9999999999 9999999999 9999999999 9999999999 9999999999 9999999999 9999999999 9999999999 9999999999 9999999999 9999999999 9999999999 9999999999 9999999999
9999999999 9999999999 9999999999 9999999999 9999999999 9999999999 9999999999 9999999999 9999999999 9999999999 9999999999 9999999999 9999999999      1.002      1.002 9999999999     0.7778     0.6882     0.5972     0.5889     0.6133     0.6189     0.7884     0.8294      1.205      1.391      1.168     0.9752      1.789      1.789      1.789 9999999999 9999999999 9999999999 9999999999 9999999999 9999999999 9999999999 9999999999 9999999999 9999999999 9999999999 9999999999 9999999999 9999999999 9999999999 9999999999 9999999999 9999999999 9999999999 9999999999
9999999999 9999999999 9999999999 9999999999 9999999999 9999999999 9999999999 9999999999 9999999999 9999999999 9999999999     0.8933     0.8933     0.8933       1.09      0.936     0.8607     0.7413     0.6243     0.6406     0.6456      0.682     0.6574     0.6392      1.211       1.61     0.9914     0.5724     0.9495      1.789      1.789 9999999999 9999999999 9999999999 9999999999 9999999999 9999999999 9999999999 9999999999 9999999999 9999999999 9999999999 9999999999 9999999999 9999999999 9999999999 9999999999 9999999999 9999999999 9999999999 9999999999
9999999999 9999999999 9999999999 9999999999 9999999999 9999999999 9999999999 9999999999 9999999999 9999999999     0.8933     0.8933     0.8933     0.8933      0.713     0.7404     0.7025     0.7256     0.6968     0.6808     0.6515      0.637     0.9301     0.8541       1.85       1.85       1.85     0.9867     0.5938     0.5938 9999999999 9999999999 9999999999 9999999999 9999999999 9999999999 9999999999 9999999999 9999999999 9999999999 9999999999 9999999999 9999999999 9999999999 9999999999 9999999999 9999999999 9999999999 9999999999 9999999999 9999999999
9999999999 9999999999 9999999999 9999999999 9999999999 9999999999 9999999999 9999999999 9999999999 9999999999 9999999999 9999999999     0.7942     0.7942     0.6909     0.7242     0.7421      0.767     0.7033      0.718     0.7925      0.684     0.7018     0.8746      1.006      1.794      1.794      1.152     0.6176     0.8719      1.065      1.006     0.8696     0.8431     0.7762     0.7736      1.143       1.58       1.58       1.58 9999999999 9999999999 9999999999 9999999999 9999999999 9999999999 9999999999 9999999999 9999999999 9999999999 9999999999
9999999999 9999999999 9999999999 9999999999 9999999999 9999999999 9999999999 9999999999 9999999999 9999999999     0.8047     0.8023     0.8027     0.7876     0.6749     0.6008     0.5855     0.6063     0.8009     0.7179     0.7256      0.671     0.6747     0.7245     0.7517      1.229     0.9401     0.6131     0.6065     0.6065     0.8762     0.7769     0.7788     0.7648     0.6905     0.6979      1.036      1.106      1.235      1.297 9999999999 9999999999 9999999999 9999999999 9999999999 9999999999 9999999999 9999999999 9999999999 9999999999 9999999999
9999999999 9999999999 9999999999 9999999999 9999999999 9999999999 9999999999 9999999999 9999999999 9999999999 9999999999     0.8047     0.8047     0.8047     0.8573     0.8978     0.8338     0.7402     0.6764      1.131     0.7704     0.6761     0.9128     0.9056       1.14      1.241      1.174      1.196      1.349      1.692 9999999999     0.8865     0.8957     0.7832     0.7727     0.9134      1.041      1.035     0.9306     0.8456     0.8456     0.8456     0.8456 9999999999 9999999999 9999999999 9999999999 9999999999 9999999999 9999999999 9999999999
9999999999 9999999999 9999999999 9999999999 9999999999 9999999999 9999999999 9999999999 9999999999 9999999999 9999999999 9999999999 9999999999 9999999999 9999999999     0.8105     0.7245     0.6761     0.6748     0.7066     0.8141     0.7171      1.861       1.34      1.103     0.9462     0.9472      1.268       1.66      1.692      1.474      1.104     0.9917      0.968      1.228      1.228      1.228      1.228 9999999999     0.8456     0.8456     0.8456 9999999999 9999999999 9999999999 9999999999 9999999999 9999999999 9999999999 9999999999 9999999999
9999999999 9999999999 9999999999 9999999999 9999999999 9999999999 9999999999 9999999999 9999999999 9999999999 9999999999 9999999999 9999999999 9999999999 9999999999 9999999999 9999999999     0.7333     0.7358     0.7481     0.8178       0.76     0.7289     0.6902     0.6322     0.9022     0.9677     0.5978     0.5859      1.131      1.954      1.954      1.954      1.406      1.195      1.226      1.295 9999999999     0.7368     0.7368     0.7368     0.7368     0.7368 9999999999 9999999999 9999999999 9999999999 9999999999 9999999999 9999999999 9999999999
9999999999 9999999999 9999999999 9999999999 9999999999 9999999999 9999999999 9999999999 9999999999 9999999999 9999999999 9999999999 9999999999 9999999999 9999999999 9999999999 9999999999 9999999999 9999999999      0.761     0.7496     0.7456     0.7236     0.7102     0.7048     0.7778     0.9173     0.7536     0.5571     0.5474     0.6324      0.806     0.9478      1.067      1.261      1.373      1.427      1.427      1.198     0.8979     0.8685 9999999999 9999999999 9999999999 9999999999 9999999999 9999999999 9999999999 9999999999 9999999999 9999999999
9999999999 9999999999 9999999999 9999999999 9999999999 9999999999 9999999999 9999999999 9999999999 9999999999 9999999999 9999999999 9999999999 9999999999 9999999999 9999999999 9999999999 9999999999 9999999999 9999999999     0.7318     0.7334     0.7197     0.7429     0.8141      0.789     0.8327     0.8318     0.7576     0.6749     0.7507     0.8874     0.9696      1.083      1.172      1.174      1.174      0.978      0.978      0.978      0.978      0.978 9999999999 9999999999 9999999999 9999999999 9999999999 9999999999 9999999999 9999999999 9999999999
9999999999 9999999999 9999999999 9999999999 9999999999 9999999999 9999999999 9999999999 9999999999 9999999999 9999999999 9999999999 9999999999 9999999999 9999999999 9999999999 9999999999 9999999999 9999999999 9999999999 9999999999     0.7589     0.7868     0.7921     0.7981     0.7808      1.141      1.014     0.9804     0.8974     0.9087     0.8921     0.9235 9999999999      1.262      1.262      1.262      1.262      1.273      1.294      1.294 9999999999 9999999999 9999999999 9999999999 9999999999 9999999999 9999999999 9999999999 9999999999 9999999999
9999999999 9999999999 9999999999 9999999999 9999999999 9999999999 9999999999 9999999999 9999999999 9999999999 9999999999 9999999999 9999999999 9999999999 9999999999 9999999999 9999999999 9999999999 9999999999 9999999999 9999999999     0.8889     0.8585     0.9057     0.9281     0.7572     0.9718      1.009      1.133      1.178     0.7854     0.9225     0.9393      0.961     0.9607      1.015      1.162      1.262      1.284      1.294      1.294      1.294 9999999999 9999999999 9999999999 9999999999 9999999999 9999999999 9999999999 9999999999 9999999999
9999999999 9999999999 9999999999 9999999999 9999999999 9999999999 9999999999 9999999999 9999999999 9999999999 9999999999 9999999999 9999999999 9999999999 9999999999 9999999999 9999999999 9999999999 9999999999 9999999999 9999999999 9999999999     0.7984     0.8634      1.029      1.103      1.661      1.229       1.06      1.219      1.195      1.097      1.168      1.208      1.228      1.289      1.288       1.21      1.221      1.131      1.102      1.083      1.071 9999999999 9999999999 9999999999 9999999999 9999999999 9999999999 9999999999 9999999999
   1.403      1.403      1.403      1.403 9999999999 9999999999 9999999999 9999999999 9999999999 9999999999 9999999999 9999999999 9999999999 9999999999 9999999999 9999999999 9999999999 9999999999 9999999999 9999999999 9999999999 9999999999 9999999999 9999999999 9999999999      1.733      1.656      1.469      1.359      1.438      1.466       1.37      1.491      1.299      1.216      1.009      1.199      1.211       1.12      1.093      1.047       1.18      1.185      1.221      1.221 9999999999 9999999999 9999999999 9999999999 9999999999 9999999999
   1.403      1.403      1.403      1.403      1.403 9999999999 9999999999 9999999999 9999999999 9999999999 9999999999 9999999999 9999999999 9999999999 9999999999 9999999999 9999999999 9999999999 9999999999 9999999999 9999999999 9999999999 9999999999 9999999999 9999999999 9999999999 9999999999 9999999999 9999999999 9999999999      1.856      1.695      1.633      1.497      1.354      1.324      1.463      1.286      1.203      1.183       1.14      1.162       1.18      1.223 9999999999 9999999999 9999999999 9999999999 9999999999 9999999999 9999999999
9999999999 9999999999 9999999999 9999999999 9999999999 9999999999 9999999999 9999999999 9999999999 9999999999 9999999999 9999999999 9999999999 9999999999 9999999999 9999999999 9999999999 9999999999 9999999999 9999999999 9999999999 9999999999 9999999999 9999999999 9999999999 9999999999 9999999999 9999999999 9999999999 9999999999 9999999999 9999999999 9999999999 9999999999 9999999999 9999999999 9999999999 9999999999 9999999999 9999999999 9999999999 9999999999 9999999999 9999999999 9999999999 9999999999 9999999999 9999999999 9999999999 9999999999 9999999999
9999999999 9999999999 9999999999 9999999999 9999999999 9999999999 9999999999 9999999999 9999999999 9999999999 9999999999 9999999999 9999999999 9999999999 9999999999 9999999999 9999999999 9999999999 9999999999 9999999999 9999999999 9999999999 9999999999 9999999999 9999999999 9999999999 9999999999 9999999999 9999999999 9999999999 9999999999 9999999999 9999999999 9999999999 9999999999 9999999999 9999999999 9999999999 9999999999 9999999999 9999999999 9999999999 9999999999 9999999999 9999999999 9999999999 9999999999 9999999999 9999999999 9999999999 9999999999
9999999999 9999999999 9999999999 9999999999 9999999999 9999999999 9999999999 9999999999 9999999999 9999999999 9999999999 9999999999 9999999999 9999999999 9999999999 9999999999 9999999999 9999999999 9999999999 9999999999 9999999999 9999999999 9999999999 9999999999 9999999999 9999999999      2.453      2.453      2.453      2.453      2.453      2.453      2.453 9999999999 9999999999 9999999999 9999999999 9999999999 9999999999 9999999999 9999999999 9999999999 9999999999 9999999999 9999999999 9999999999 9999999999 9999999999 9999999999 9999999999 9999999999
9999999999 9999999999 9999999999 9999999999 9999999999 9999999999 9999999999 9999999999 9999999999 9999999999 9999999999 9999999999 9999999999 9999999999 9999999999 9999999999 9999999999 9999999999 9999999999 9999999999 9999999999 9999999999 9999999999 9999999999 9999999999 9999999999      2.453      2.453      2.453      2.453      2.453      2.453      2.453 9999999999 9999999999 9999999999 9999999999 9999999999 9999999999 9999999999 9999999999 9999999999 9999999999 9999999999 9999999999 9999999999 9999999999 9999999999 9999999999 9999999999 9999999999
9999999999 9999999999 9999999999 9999999999 9999999999 9999999999 9999999999 9999999999 9999999999 9999999999 9999999999 9999999999 9999999999 9999999999 9999999999 9999999999 9999999999 9999999999 9999999999 9999999999 9999999999 9999999999 9999999999 9999999999 9999999999 9999999999 9999999999 9999999999 9999999999 9999999999 9999999999 9999999999      2.104      2.104      2.104      2.104      2.104      2.104      2.104 9999999999 9999999999 9999999999 9999999999 9999999999 9999999999 9999999999 9999999999 9999999999 9999999999 9999999999 9999999999
9999999999 9999999999 9999999999 9999999999 9999999999 9999999999 9999999999 9999999999 9999999999 9999999999 9999999999 9999999999 9999999999 9999999999 9999999999 9999999999 9999999999 9999999999 9999999999 9999999999 9999999999 9999999999 9999999999 9999999999      1.622      1.622      1.622      1.622      1.622      1.622 9999999999 9999999999      2.104      2.104      2.104      2.104      2.104      2.104      2.104 9999999999 9999999999 9999999999 9999999999 9999999999 9999999999 9999999999 9999999999 9999999999 9999999999 9999999999 9999999999
9999999999 9999999999 9999999999 9999999999 9999999999 9999999999 9999999999 9999999999 9999999999 9999999999 9999999999 9999999999 9999999999 9999999999 9999999999 9999999999 9999999999 9999999999 9999999999      1.279      1.279      1.252      1.302      1.295      1.271      1.239       1.36      1.553      1.536      1.507      1.486      1.622 9999999999 9999999999 9999999999 9999999999 9999999999 9999999999 9999999999 9999999999 9999999999 9999999999 9999999999 9999999999 9999999999 9999999999 9999999999 9999999999 9999999999 9999999999 9999999999
9999999999 9999999999 9999999999 9999999999 9999999999 9999999999 9999999999 9999999999 9999999999 9999999999 9999999999 9999999999 9999999999 9999999999 9999999999 9999999999 9999999999      1.279      1.279      1.279      1.279      1.279      1.279      1.277      1.272      1.263      1.253      1.245      1.193 9999999999 9999999999 9999999999 9999999999 9999999999 9999999999 9999999999 9999999999 9999999999 9999999999 9999999999 9999999999 9999999999 9999999999 9999999999 9999999999 9999999999 9999999999 9999999999 9999999999 9999999999 9999999999
9999999999 9999999999 9999999999 9999999999 9999999999 9999999999 9999999999 9999999999 9999999999 9999999999 9999999999 9999999999 9999999999 9999999999 9999999999 9999999999 9999999999 9999999999 9999999999 9999999999 9999999999 9999999999 9999999999 9999999999 9999999999 9999999999 9999999999 9999999999 9999999999 9999999999 9999999999 9999999999 9999999999 9999999999 9999999999 9999999999 9999999999 9999999999 9999999999 9999999999 9999999999 9999999999 9999999999 9999999999 9999999999 9999999999 9999999999 9999999999 9999999999 9999999999 9999999999
<EndOfVariable>
<EndOfEpoch>

<StartOfEpoch>
2015  3 17  0  5      0
<StartOfVariable>
ROTI
TECU/min
9999999999 9999999999 9999999999 9999999999 9999999999 9999999999 9999999999 9999999999 9999999999 9999999999 9999999999      0.518      0.518     0.3467     0.3055     0.2598     0.2801     0.2827     0.2842     0.2815     0.2858     0.2873     0.2853     0.2873     0.2961     0.2978     0.3077     0.3117      0.315     0.3244      0.318     0.3244     0.3353     0.3452     0.3093 9999999999 9999999999 9999999999 9999999999 9999999999 9999999999 9999999999 9999999999 9999999999 9999999999 9999999999 9999999999 9999999999 9999999999 9999999999 9999999999
9999999999 9999999999 9999999999 9999999999 9999999999 9999999999 9999999999      0.518      0.518      0.518      0.518     0.4251     0.3371     0.3162     0.3017     0.2951     0.2883      0.293      0.287     0.2949     0.2963      0.299     0.3037     0.3046     0.3093      0.309     0.3112      0.318      0.324     0.3249     0.3356     0.3489     0.3577     0.3749     0.3813     0.4115     0.4736 9999999999 9999999999 9999999999 9999999999 9999999999 9999999999 9999999999 9999999999 9999999999 9999999999 9999999999 9999999999 9999999999 9999999999
9999999999 9999999999     0.5321     0.5321     0.5321     0.5321     0.5253     0.5229      0.522     0.5184     0.4412     0.3701     0.3612     0.3451     0.3346     0.3235     0.3134     0.3122     0.3158     0.3167     0.3183     0.3242     0.3262     0.3232     0.3228     0.3187     0.3201     0.3224      0.323     0.3306      0.341     0.3461     0.3569     0.3646     0.3802      0.379     0.4621     0.4736     0.4736 9999999999 9999999999 9999999999 9999999999 9999999999 9999999999 9999999999 9999999999 9999999999 9999999999 9999999999 9999999999
  0.5321     0.5321     0.5321     0.5321     0.5321     0.4849     0.4657     0.4652     0.4671     0.4383     0.4106      0.413     0.3939     0.3819     0.3638     0.3469     0.3333     0.3189     0.3051     0.3046     0.2835     0.3244     0.3248      0.311     0.2893     0.3174     0.3182     0.3231     0.3136     0.3307     0.3567     0.3692     0.3764     0.3835     0.3924     0.4135     0.4363     0.4803      0.496     0.4989 9999999999 9999999999 9999999999 9999999999 9999999999 9999999999 9999999999 9999999999 9999999999 9999999999 9999999999
  0.5321     0.6073     0.5959     0.5364     0.5239     0.5454     0.5353     0.5099     0.4893     0.4677     0.4548     0.4593     0.4622     0.4325     0.3948     0.3618     0.3106     0.2812      0.284     0.3344      0.326     0.3351     0.2864     0.3141     0.3091     0.3102     0.3098     0.3495     0.3526     0.4093     0.4159     0.4074     0.4171     0.4207     0.4265     0.4338     0.4599     0.4895     0.4957     0.5523     0.5574     0.5625      0.564     0.5932     0.5932 9999999999 9999999999 9999999999 9999999999 9999999999 9999999999
  0.6246     0.6234     0.5785     0.5526     0.5364     0.5293     0.5226     0.5021     0.4882     0.4722     0.4671     0.4755     0.5058     0.4618     0.4142     0.3727      0.303     0.2942     0.3207     0.2877     0.4232     0.4514     0.4074     0.4288     0.3369     0.3653     0.2974     0.4013     0.3877     0.4016     0.4086     0.4342     0.4691     0.4508     0.4479     0.4628     0.4836     0.4967     0.5295      0.555     0.5853     0.5815     0.5831     0.5817     0.5822     0.5824     0.5932 9999999999 9999999999 9999999999 9999999999
  0.5964     0.5797      0.551     0.5452     0.5373     0.5319     0.5274     0.5059      0.476     0.4597     0.4765     0.5013     0.4663     0.4533     0.4413     0.4177     0.3883     0.3625     0.4473     0.3441      0.446     0.4293     0.5886     0.4075      0.333     0.4046     0.4291      0.388     0.3362     0.4124     0.2945     0.3777     0.4317     0.4504     0.4664      0.483     0.5014     0.5126     0.5279     0.5534     0.5567     0.5844     0.5845     0.5736     0.5724      0.564     0.5947       0.58     0.5666 9999999999 9999999999
  0.5707     0.5654     0.5637     0.5569     0.5439     0.5351     0.5289     0.5148     0.4681     0.3247      0.388     0.3884     0.4619     0.4719     0.4765      0.455     0.4815     0.4166     0.4165      0.467     0.4762     0.4877     0.4626      0.448     0.4431     0.4669     0.6051     0.4607     0.4697     0.4781     0.4545     0.4073     0.3982     0.4487     0.4911     0.5156     0.5244     0.5305     0.5391     0.5553     0.5659     0.5685     0.5658     0.5627     0.5576     0.5504     0.5558      0.563      0.578     0.5666 9999999999
  0.5687     0.5773     0.5971      0.634     0.6092     0.5598     0.5565     0.5638      0.634     0.5915      0.494     0.4725     0.4705     0.4802     0.4842     0.4779     0.5013     0.4774     0.4834     0.4703     0.4624     0.4946      0.491     0.4757     0.4651     0.4459     0.4784     0.5311     0.4902     0.4477     0.5808     0.3827     0.4356     0.5246     0.5554     0.5608     0.5517     0.5354     0.5538     0.5868     0.5915     0.5764     0.5624     0.5594     0.5524      0.549      0.546     0.5341      0.554      0.531     0.5666
  0.5573     0.5654     0.6009      0.685     0.6498     0.5357     0.4892     0.5457     0.5246     0.4912     0.4626     0.3918     0.4527     0.4498     0.4645      0.468     0.4597     0.4595     0.4344     0.4641     0.4315     0.4644     0.4785     0.4862     0.4252     0.4671     0.4733     0.4914     0.4784     0.4982      0.473     0.4189     0.4441     0.4428      0.537     0.5863     0.5709     0.6254     0.5741     0.6202     0.6005      0.558     0.5559     0.5513      0.542     0.5391     0.5417      0.545     0.5488     0.5058     0.5562
  0.5284     0.5242     0.5184     0.5161     0.5155     0.5109     0.5037     0.5223     0.6369      0.518      0.485     0.4644     0.4591     0.4543     0.4611     0.4583      0.468     0.5612     0.4675     0.4729     0.4566     0.4423     0.3952     0.4947     0.2806     0.4023     0.4717     0.5024     0.4979     0.4751     0.4245     0.5072     0.6101     0.4419     0.4313     0.5735     0.3519      0.472     0.6293     0.5965     0.4691      0.462     0.5332     0.5358     0.5354     0.5457     0.5394     0.5371      0.542     0.5306     0.5197
  0.5117     0.5022     0.4665     0.3969     0.4973     0.4856     0.5051     0.5006     0.5551     0.3605     0.4442     0.4745     0.5029     0.6062     0.4628     0.4564      0.462      0.473     0.4743      0.471     0.4427     0.4775     0.4567     0.4265       0.45      0.446     0.4478     0.4537     0.4364     0.4537     0.4513     0.4378     0.4091     0.4474     0.5699     0.4271     0.4612     0.4589      0.426     0.4632     0.3479     0.4264     0.4902     0.5169     0.5411     0.5464     0.5532     0.5579       0.55     0.5436     0.5344
  0.5141     0.5154     0.5154     0.5229     0.5416      0.617     0.5956     0.5707     0.5539      0.593     0.5235     0.5006     0.4837     0.4669     0.4962     0.4675      0.466      0.448     0.4439     0.4257     0.4416     0.4378     0.4393      0.422     0.4698     0.4253     0.4493     0.4921     0.4567     0.4181     0.4398     0.4379     0.4171     0.4161     0.4382     0.4578     0.4779      0.516     0.5824     0.6234     0.5185     0.5636      0.585     0.6023     0.5824      0.562     0.5565     0.5524     0.5489     0.5502     0.5608
  0.5183     0.5211     0.5256     0.5298     0.5328     0.5319     0.5195     0.4479      0.483     0.4926     0.5129      0.501     0.4835     0.4679     0.4504     0.4519     0.4464     0.4538     0.3366     0.4113     0.4238     0.4302     0.4341     0.4256     0.4391     0.4208       0.42     0.4304     0.4519     0.4723     0.4662     0.4311     0.3896      0.419     0.4376     0.4525     0.4806     0.6221     0.6506     0.5468      0.575     0.6884     0.6485     0.5264     0.5168     0.5305     0.5366     0.5403     0.5403     0.5542     0.5582
  0.5139     0.5158     0.5163     0.5188     0.5171     0.5142     0.5036     0.4852     0.4763     0.4771     0.4825     0.4865     0.4785     0.4692     0.4586      0.447     0.4342     0.4308     0.4303     0.4431     0.4463       0.46     0.3951     0.2738     0.4102     0.4413     0.4307     0.4262     0.4333     0.4608     0.4688     0.4879     0.4239     0.5808     0.4772     0.4628     0.4758     0.4607     0.3621     0.8069     0.7214     0.6124     0.5996     0.5164     0.5088     0.5198     0.5289     0.5281     0.5313      0.533     0.5505
  0.5165     0.5091     0.5011        0.5     0.5055     0.5077     0.5029     0.4951     0.4849      0.475      0.474      0.478     0.4721     0.4857     0.4887     0.4834     0.4745     0.4687     0.4671     0.4627     0.4569     0.4503     0.4382     0.4453     0.4029     0.4404      0.461     0.4565     0.4638     0.4671     0.4506     0.4815     0.5552     0.4856     0.3678      0.471     0.4558      0.483     0.4718     0.4874     0.5118      0.551        0.5     0.4899     0.5197     0.5246     0.5212     0.5215      0.515     0.5198     0.5275
  0.5343      0.524     0.5166     0.5166     0.5197      0.521     0.5185     0.5084      0.498     0.4887     0.5047     0.5225     0.5456     0.5584      0.552     0.5453     0.5265     0.5004     0.4437     0.4547     0.4612     0.4487     0.2836      0.463      0.445     0.4697     0.4927     0.4656      0.409     0.4329     0.4826     0.5032     0.4938     0.4615     0.4318     0.4648     0.5156     0.5223     0.5214     0.5139     0.9526     0.6585     0.5358     0.4817      0.523     0.5342     0.5538     0.5546     0.5401     0.5179     0.5115
   0.572     0.5578     0.5525      0.547     0.5514     0.5473     0.5396     0.5273     0.5165     0.5566     0.6426     0.6278     0.6625      0.669     0.6692     0.6673     0.6533     0.6089     0.5535      0.553     0.5379     0.4696     0.5491     0.5497     0.6537     0.5032     0.5891     0.5945     0.4712     0.4804     0.4886     0.4433     0.5468      0.494     0.5466      0.497     0.6062     0.6883     0.5385      0.585      0.534     0.5819     0.4866     0.3891     0.5122      0.544     0.5697     0.5785     0.5842      0.586     0.5588
  0.5735     0.5499     0.5497      0.561     0.5759     0.5853      0.583     0.5746     0.6597     0.8061     0.8027     0.8544     0.8445     0.8474     0.8675     0.8937     0.9016     0.9086     0.9234      1.063       1.29      1.559      2.703      1.354      1.299      1.243      1.564      1.422      1.439      1.455     0.5177     0.8087     0.8242     0.6515     0.6233     0.6926     0.6269      0.639     0.5221      0.662     0.6019     0.4444      0.522     0.5354     0.5126     0.5652     0.5887     0.6167     0.6211     0.6391     0.6278
  0.8654     0.7605     0.6974     0.6754     0.6724     0.6772      0.662     0.6535     0.8029     0.9881      1.047      1.062      1.066      1.055      1.124      1.171      1.278      1.402      1.601      1.967      2.518      3.074      3.251      2.243      1.995      1.778      1.807       2.68      2.438      3.738      2.428       1.96      2.432      2.878      2.126      2.946      2.561      1.753      1.729      1.109     0.8453     0.6425     0.5824     0.5507     0.4381     0.5139      0.563     0.6124     0.6499     0.6739     0.6717
   1.013     0.9697     0.9114     0.8365      0.787     0.7616     0.7393     0.7124     0.7755       0.92     0.9094     0.9761       1.07      1.144      1.261      1.314      1.406      1.497      1.561      1.646      1.683      1.667      1.632      1.556      1.464      1.323      1.044      0.794     0.8643     0.9159     0.7684      1.273      1.323      1.227      1.258      1.888      1.989      1.816      1.764       1.28      1.078      1.049     0.8442     0.8182     0.7567     0.7234     0.7253     0.7236      0.735     0.7491      0.736
  0.9651      0.943     0.9123     0.8746     0.8326     0.7659     0.7669     0.7532     0.7625     0.7423     0.6959     0.6898     0.7492     0.9406      1.192      1.404       1.52      1.572      1.582      1.583      1.564      1.561      1.558      1.527      1.426      1.291      1.159      1.033     0.9664     0.9584     0.9596      1.026      1.184      1.287      1.367      1.431      1.459      1.449      1.422      1.392      1.373      1.319      1.228      1.127      1.049      1.001     0.9484     0.9204     0.9263     0.9016     0.8919
  0.9614     0.9329     0.9411     0.9173     0.8942     0.9006     0.9421     0.9357     0.9034     0.8763     0.9194      0.984      1.075      1.255       1.41      1.504      1.567       1.66      1.714      1.724      1.715      1.703      1.663      1.636        1.6      1.531      1.469      1.415      1.381      1.352      1.351      1.344      1.353       1.36      1.375      1.389      1.413      1.443        1.5      1.641        1.8      1.793      1.632      1.461      1.348      1.245      1.176      1.116      1.059      1.043     0.9626
   1.076        1.1      1.093      1.106      1.089      1.208      1.189      1.187      1.203      1.209      1.238      1.265      1.294      1.332      1.445      1.474      1.525      1.622      1.772      2.003      2.251      2.432      2.396      2.116      1.789      1.584       1.54      1.564      1.594      1.596      1.571      1.546      1.518      1.475      1.399      1.334      1.317      1.347      1.403      1.428      1.447       1.45       1.44      1.388      1.331      1.315      1.288      1.251      1.206      1.153       1.08
   1.208      1.129       1.21      1.204      1.284      1.273      1.274      1.282      1.285      1.295      1.291      1.285      1.277      1.268      1.258      1.244      1.226      1.221      1.316      1.478      1.643      2.089      2.273      2.114      1.867      1.686      1.598      1.548      1.517      1.484      1.454      1.465      1.455      1.434      1.423      1.379      1.377      1.398      1.424      1.456      1.478      1.498      1.486      1.488      1.491       1.47      1.409      1.358      1.368      1.438      1.517
   1.297      1.306      1.265       1.25      1.251      1.318      1.327      1.324      1.315      1.302      1.289      1.268      1.246       1.22      1.201      1.195      1.193       1.15       1.07      1.115      1.246      1.371       1.46      1.501      1.511      1.504      1.502      1.506       1.51      1.513      1.521      1.518      1.517      1.513      1.516      1.528      1.544      1.539      1.534       1.51        1.5      1.494      1.494      1.497      1.507      1.521      1.538      1.555      1.572      1.589      1.605
    1.19      1.206      1.233      1.248      1.262      1.276      1.327      1.335      1.341      1.344      1.356      1.348      1.337      1.334       1.34      1.373      1.447      1.547       1.61      1.601      1.562      1.528      1.511      1.504      1.498      1.495      1.499      1.515      1.542      1.571      1.591      1.597      1.592      1.577      1.567      1.563      1.563      1.566      1.567      1.565      1.568      1.564      1.563      1.567      1.576      1.589      1.609      1.642      1.665      1.688      1.683
   1.168      1.176      1.201      1.234      1.261       1.29      1.323      1.357      1.408      1.456      1.522      1.601      1.608       1.39      1.228       1.12     0.9881      1.073       1.43      1.572      1.576      1.556      1.543      1.542      1.559       1.58      1.611      1.648      1.689      1.729      1.762      1.785      1.782      1.725      1.598      1.536      1.555      1.582      1.602      1.626      1.639      1.654      1.669      1.685      1.702      1.721      1.748      1.769      1.791      1.829      1.848
   1.055      1.081      1.111      1.142      1.199       1.23      1.265      1.294      1.315      1.326      1.328      1.303      1.264      1.233      1.239      1.269      1.309      1.349      1.386       1.42       1.45      1.478      1.506      1.556      1.588      1.622      1.671       1.71      1.751      1.786      1.812      1.834      1.846      1.849      1.837      1.815      1.789      1.773      1.761      1.766      1.767      1.785      1.802      1.822      1.844      1.873      1.893      1.909      1.922       1.93      1.933
   0.916     0.9479     0.9867      1.033      1.079      1.124      1.165      1.202       1.24      1.286      1.347      1.417      1.499      1.585      1.655      1.697      1.706       1.69      1.658      1.621      1.589      1.577      1.575      1.589      1.601       1.62      1.683      1.703      1.737      1.771      1.782      1.809      1.817      1.828      1.834      1.848       1.87      1.881      1.886      1.904      1.925      1.948      1.985      2.008      2.029      2.045      2.056      2.059      2.054      2.038      2.013
   0.626      0.671     0.7022     0.6584     0.6351       1.24       1.43      1.343       1.27      1.245      1.267      1.335      1.421       1.51      1.582      1.628      1.649      1.657      1.653      1.649      1.652      1.653      1.658      1.667      1.679      1.693      1.709      1.725      1.743      1.812      1.828      1.844      1.862      1.909      1.935      1.989      2.035       2.05      2.066      2.085      2.105      2.126      2.156      2.181       2.21      2.235      2.268      2.298      2.319      2.324      2.309
<EndOfVariable>
<StartOfVariable>
ROTI_Ground
TECU/min
9999999999 9999999999 9999999999 9999999999 9999999999 9999999999 9999999999 9999999999 9999999999 9999999999 9999999999 9999999999 9999999999 9999999999 9999999999 9999999999 9999999999 9999999999 9999999999 9999999999 9999999999 9999999999 9999999999 9999999999 9999999999 9999999999 9999999999 9999999999 9999999999 9999999999 9999999999 9999999999 9999999999 9999999999 9999999999 9999999999 9999999999 9999999999 9999999999 9999999999 9999999999 9999999999 9999999999 9999999999 9999999999 9999999999 9999999999 9999999999 9999999999 9999999999 9999999999
9999999999 9999999999 9999999999 9999999999 9999999999 9999999999 9999999999 9999999999 9999999999 9999999999 9999999999 9999999999 9999999999 9999999999 9999999999 9999999999 9999999999 9999999999 9999999999 9999999999 9999999999 9999999999 9999999999 9999999999 9999999999 9999999999 9999999999 9999999999 9999999999 9999999999 9999999999 9999999999 9999999999 9999999999 9999999999 9999999999 9999999999 9999999999 9999999999 9999999999 9999999999 9999999999 9999999999 9999999999 9999999999 9999999999 9999999999 9999999999 9999999999 9999999999 9999999999
9999999999 9999999999 9999999999 9999999999 9999999999 9999999999 9999999999 9999999999 9999999999 9999999999 9999999999 9999999999 9999999999 9999999999 9999999999 9999999999 9999999999 9999999999 9999999999 9999999999 9999999999 9999999999 9999999999 9999999999 9999999999 9999999999 9999999999 9999999999 9999999999 9999999999 9999999999 9999999999 9999999999 9999999999 9999999999 9999999999 9999999999 9999999999 9999999999 9999999999 9999999999 9999999999 9999999999 9999999999 9999999999 9999999999 9999999999 9999999999 9999999999 9999999999 9999999999
9999999999 9999999999 9999999999 9999999999 9999999999 9999999999 9999999999 9999999999 9999999999 9999999999 9999999999 9999999999 9999999999 9999999999 9999999999 9999999999 9999999999 9999999999 9999999999 9999999999 9999999999 9999999999 9999999999 9999999999 9999999999 9999999999 9999999999 9999999999 9999999999 9999999999 9999999999 9999999999 9999999999 9999999999 9999999999 9999999999 9999999999 9999999999 9999999999 9999999999 9999999999 9999999999 9999999999 9999999999 9999999999 9999999999 9999999999 9999999999 9999999999 9999999999 9999999999
9999999999 9999999999 9999999999 9999999999 9999999999 9999999999 9999999999 9999999999 9999999999 9999999999 9999999999 9999999999 9999999999 9999999999 9999999999 9999999999 9999999999 9999999999 9999999999     0.5456     0.5456     0.5505     0.5523     0.5523 9999999999 9999999999 9999999999 9999999999 9999999999 9999999999 9999999999 9999999999 9999999999 9999999999 9999999999 9999999999 9999999999 9999999999 9999999999 9999999999 9999999999 9999999999 9999999999 9999999999 9999999999 9999999999 9999999999 9999999999 9999999999 9999999999 9999999999
9999999999 9999999999 9999999999 9999999999 9999999999 9999999999 9999999999 9999999999 9999999999 9999999999 9999999999 9999999999 9999999999 9999999999 9999999999 9999999999 9999999999     0.6552     0.6943     0.7402     0.5827     0.5956     0.5163     0.5687     0.6842      0.651     0.6649 9999999999 9999999999 9999999999 9999999999 9999999999 9999999999 9999999999 9999999999 9999999999 9999999999 9999999999 9999999999 9999999999 9999999999 9999999999 9999999999 9999999999 9999999999 9999999999 9999999999 9999999999 9999999999 9999999999 9999999999
9999999999 9999999999 9999999999 9999999999 9999999999 9999999999 9999999999 9999999999 9999999999 9999999999 9999999999 9999999999      1.124      1.124      1.124      1.124 9999999999     0.4502     0.5114     0.6947     0.7699     0.5022     0.5447     0.6884     0.7279     0.6717     0.6585     0.6585 9999999999 9999999999 9999999999 9999999999 9999999999 9999999999 9999999999 9999999999 9999999999 9999999999 9999999999 9999999999 9999999999 9999999999 9999999999 9999999999 9999999999 9999999999 9999999999 9999999999 9999999999 9999999999 9999999999
9999999999 9999999999 9999999999 9999999999 9999999999 9999999999 9999999999 9999999999 9999999999 9999999999 9999999999 9999999999 9999999999      1.124      1.124 9999999999     0.8368     0.6937     0.5806     0.5659     0.5959     0.6081     0.7932     0.8355       1.19      1.343      1.122     0.9211       1.69       1.69       1.69 9999999999 9999999999 9999999999 9999999999 9999999999 9999999999 9999999999 9999999999 9999999999 9999999999 9999999999 9999999999 9999999999 9999999999 9999999999 9999999999 9999999999 9999999999 9999999999 9999999999
9999999999 9999999999 9999999999 9999999999 9999999999 9999999999 9999999999 9999999999 9999999999 9999999999 9999999999     0.7329     0.7329     0.7329     0.9751     0.8822     0.8554     0.7848     0.6473     0.6293     0.6381     0.6731     0.6542     0.6397      1.183      1.568     0.9543     0.5437     0.8987       1.69       1.69 9999999999 9999999999 9999999999 9999999999 9999999999 9999999999 9999999999 9999999999 9999999999 9999999999 9999999999 9999999999 9999999999 9999999999 9999999999 9999999999 9999999999 9999999999 9999999999 9999999999
9999999999 9999999999 9999999999 9999999999 9999999999 9999999999 9999999999 9999999999 9999999999 9999999999     0.7329     0.7329     0.7329     0.7329     0.7275     0.7491     0.8242     0.8095     0.7114     0.6763     0.6396     0.6498     0.8978     0.8267       1.89       1.89       1.89      0.979     0.5627     0.5627 9999999999 9999999999 9999999999 9999999999 9999999999 9999999999 9999999999 9999999999 9999999999 9999999999 9999999999 9999999999 9999999999 9999999999 9999999999 9999999999 9999999999 9999999999 9999999999 9999999999 9999999999
9999999999 9999999999 9999999999 9999999999 9999999999 9999999999 9999999999 9999999999 9999999999 9999999999 9999999999 9999999999     0.9531     0.9531     0.7438     0.7309      0.764     0.8362     0.7492      0.682     0.7701     0.6918     0.7016     0.8452      0.981      1.714      1.714      1.098     0.5797      0.761     0.8983     0.8629     0.7805     0.7959     0.8997     0.9036      1.151      1.443      1.443      1.443 9999999999 9999999999 9999999999 9999999999 9999999999 9999999999 9999999999 9999999999 9999999999 9999999999 9999999999
9999999999 9999999999 9999999999 9999999999 9999999999 9999999999 9999999999 9999999999 9999999999 9999999999     0.7542     0.8008     0.7924     0.9262     0.8263      0.877     0.5954     0.6099     0.7628     0.7704     0.6946     0.6389     0.6544     0.6892     0.7152      1.158     0.8873     0.5706     0.5642     0.5642     0.9389     0.9553      0.951     0.9666      1.102      1.084      1.282      1.315       1.35      1.367 9999999999 9999999999 9999999999 9999999999 9999999999 9999999999 9999999999 9999999999 9999999999 9999999999 9999999999
9999999999 9999999999 9999999999 9999999999 9999999999 9999999999 9999999999 9999999999 9999999999 9999999999 9999999999     0.7542     0.7542     0.7542     0.8046     0.8537     0.8262     0.7827     0.7854      1.052      0.771     0.6931     0.9204     0.9024      1.074      1.149      1.059      1.103      1.243      1.557 9999999999      1.076      1.085      1.143      1.116      1.091      1.133      1.214      1.258      1.213      1.213      1.213      1.213 9999999999 9999999999 9999999999 9999999999 9999999999 9999999999 9999999999 9999999999
9999999999 9999999999 9999999999 9999999999 9999999999 9999999999 9999999999 9999999999 9999999999 9999999999 9999999999 9999999999 9999999999 9999999999 9999999999     0.8452      0.764     0.7252       0.69     0.7221     0.8471     0.7082      1.843      1.349      1.068     0.7534     0.7545      1.117      1.522      1.557       1.51      1.266      1.178       1.16      1.033      1.033      1.033      1.033 9999999999      1.213      1.213      1.213 9999999999 9999999999 9999999999 9999999999 9999999999 9999999999 9999999999 9999999999 9999999999
9999999999 9999999999 9999999999 9999999999 9999999999 9999999999 9999999999 9999999999 9999999999 9999999999 9999999999 9999999999 9999999999 9999999999 9999999999 9999999999 9999999999     0.6986     0.7085     0.7242     0.7626     0.7572     0.7533     0.8491     0.9187     0.9822     0.9619     0.5844      0.572      1.113       1.93       1.93       1.93      1.351      1.128      1.136      1.153 9999999999     0.8873     0.8873     0.8873     0.8873     0.8873 9999999999 9999999999 9999999999 9999999999 9999999999 9999999999 9999999999 9999999999
9999999999 9999999999 9999999999 9999999999 9999999999 9999999999 9999999999 9999999999 9999999999 9999999999 9999999999 9999999999 9999999999 9999999999 9999999999 9999999999 9999999999 9999999999 9999999999     0.7558     0.7356     0.7453     0.7817     0.7753     0.7763     0.8895      1.071     0.7511     0.5499     0.5425       0.59     0.6871     0.7665     0.9415      1.158      1.178      1.187      1.187      1.116     0.9945     0.9749 9999999999 9999999999 9999999999 9999999999 9999999999 9999999999 9999999999 9999999999 9999999999 9999999999
9999999999 9999999999 9999999999 9999999999 9999999999 9999999999 9999999999 9999999999 9999999999 9999999999 9999999999 9999999999 9999999999 9999999999 9999999999 9999999999 9999999999 9999999999 9999999999 9999999999     0.6886     0.6905     0.7225     0.7552     0.8265     0.8284     0.8831     0.7889     0.7185     0.6486     0.6813     0.7457     0.8071      1.018      1.184      1.188      1.188      1.048      1.048      1.048      1.048      1.048 9999999999 9999999999 9999999999 9999999999 9999999999 9999999999 9999999999 9999999999 9999999999
9999999999 9999999999 9999999999 9999999999 9999999999 9999999999 9999999999 9999999999 9999999999 9999999999 9999999999 9999999999 9999999999 9999999999 9999999999 9999999999 9999999999 9999999999 9999999999 9999999999 9999999999      0.684     0.7724     0.7853     0.8276     0.8293      1.396      1.157      1.034     0.8387      0.843     0.8546     0.9094 9999999999       1.27       1.27       1.27       1.27      1.262      1.244      1.244 9999999999 9999999999 9999999999 9999999999 9999999999 9999999999 9999999999 9999999999 9999999999 9999999999
9999999999 9999999999 9999999999 9999999999 9999999999 9999999999 9999999999 9999999999 9999999999 9999999999 9999999999 9999999999 9999999999 9999999999 9999999999 9999999999 9999999999 9999999999 9999999999 9999999999 9999999999     0.9072       0.88     0.9317     0.9716     0.7842     0.8901     0.9333      1.029       1.02     0.8106     0.9607     0.9905     0.9775     0.9758      1.031      1.142      1.216      1.232      1.244      1.244      1.244 9999999999 9999999999 9999999999 9999999999 9999999999 9999999999 9999999999 9999999999 9999999999
9999999999 9999999999 9999999999 9999999999 9999999999 9999999999 9999999999 9999999999 9999999999 9999999999 9999999999 9999999999 9999999999 9999999999 9999999999 9999999999 9999999999 9999999999 9999999999 9999999999 9999999999 9999999999     0.7018     0.7796     0.8778     0.9253      1.338      1.172      1.157      1.488      1.376      1.214      1.164      1.105      1.165      1.229      1.228      1.078      1.134      1.147       1.15       1.11      1.084 9999999999 9999999999 9999999999 9999999999 9999999999 9999999999 9999999999 9999999999
    1.33       1.33       1.33       1.33 9999999999 9999999999 9999999999 9999999999 9999999999 9999999999 9999999999 9999999999 9999999999 9999999999 9999999999 9999999999 9999999999 9999999999 9999999999 9999999999 9999999999 9999999999 9999999999 9999999999 9999999999       1.36      1.515      1.464      1.412      1.446      1.436      1.276      1.453      1.299       1.23      1.021      1.222      1.211      1.032      1.042      0.988      1.166      1.182      1.227      1.227 9999999999 9999999999 9999999999 9999999999 9999999999 9999999999
    1.33       1.33       1.33       1.33       1.33 9999999999 9999999999 9999999999 9999999999 9999999999 9999999999 9999999999 9999999999 9999999999 9999999999 9999999999 9999999999 9999999999 9999999999 9999999999 9999999999 9999999999 9999999999 9999999999 9999999999 9999999999 9999999999 9999999999 9999999999 9999999999      1.633      1.566      1.517      1.439      1.315      1.279      1.336      1.322      1.334      1.266      1.203      1.207      1.204       1.23 9999999999 9999999999 9999999999 9999999999 9999999999 9999999999 9999999999
9999999999 9999999999 9999999999 9999999999 9999999999 9999999999 9999999999 9999999999 9999999999 9999999999 9999999999 9999999999 9999999999 9999999999 9999999999 9999999999 9999999999 9999999999 9999999999 9999999999 9999999999 9999999999 9999999999 9999999999 9999999999 9999999999 9999999999 9999999999 9999999999 9999999999 9999999999 9999999999 9999999999 9999999999 9999999999 9999999999 9999999999 9999999999 9999999999 9999999999 9999999999 9999999999 9999999999 9999999999 9999999999 9999999999 9999999999 9999999999 9999999999 9999999999 9999999999
9999999999 9999999999 9999999999 9999999999 9999999999 9999999999 9999999999 9999999999 9999999999 9999999999 9999999999 9999999999 9999999999 9999999999 9999999999 9999999999 9999999999 9999999999 9999999999 9999999999 9999999999 9999999999 9999999999 9999999999 9999999999 9999999999 9999999999 9999999999 9999999999 9999999999 9999999999 9999999999 9999999999 9999999999 9999999999 9999999999 9999999999 9999999999 9999999999 9999999999 9999999999 9999999999 9999999999 9999999999 9999999999 9999999999 9999999999 9999999999 9999999999 9999999999 9999999999
9999999999 9999999999 9999999999 9999999999 9999999999 9999999999 9999999999 9999999999 9999999999 9999999999 9999999999 9999999999 9999999999 9999999999 9999999999 9999999999 9999999999 9999999999 9999999999 9999999999 9999999999 9999999999 9999999999 9999999999 9999999999 9999999999      2.478      2.478      2.478      2.478      2.478      2.478      2.478 9999999999 9999999999 9999999999 9999999999 9999999999 9999999999 9999999999 9999999999 9999999999 9999999999 9999999999 9999999999 9999999999 9999999999 9999999999 9999999999 9999999999 9999999999
9999999999 9999999999 9999999999 9999999999 9999999999 9999999999 9999999999 9999999999 9999999999 9999999999 9999999999 9999999999 9999999999 9999999999 9999999999 9999999999 9999999999 9999999999 9999999999 9999999999 9999999999 9999999999 9999999999 9999999999 9999999999 9999999999      2.478      2.478      2.478      2.478      2.478      2.478      2.478 9999999999 9999999999 9999999999 9999999999 9999999999 9999999999 9999999999 9999999999 9999999999 9999999999 9999999999 9999999999 9999999999 9999999999 9999999999 9999999999 9999999999 9999999999
9999999999 9999999999 9999999999 9999999999 9999999999 9999999999 9999999999 9999999999 9999999999 9999999999 9999999999 9999999999 9999999999 9999999999 9999999999 9999999999 9999999999 9999999999 9999999999 9999999999 9999999999 9999999999 9999999999 9999999999 9999999999 9999999999 9999999999 9999999999 9999999999 9999999999 9999999999 9999999999      2.369      2.369      2.369      2.369      2.369      2.369      2.369 9999999999 9999999999 9999999999 9999999999 9999999999 9999999999 9999999999 9999999999 9999999999 9999999999 9999999999 9999999999
9999999999 9999999999 9999999999 9999999999 9999999999 9999999999 9999999999 9999999999 9999999999 9999999999 9999999999 9999999999 9999999999 9999999999 9999999999 9999999999 9999999999 9999999999 9999999999 9999999999 9999999999 9999999999 9999999999 9999999999      1.924      1.924      1.924      1.924      1.924      1.924 9999999999 9999999999      2.369      2.369      2.369      2.369      2.369      2.369      2.369 9999999999 9999999999 9999999999 9999999999 9999999999 9999999999 9999999999 9999999999 9999999999 9999999999 9999999999 9999999999
9999999999 9999999999 9999999999 9999999999 9999999999 9999999999 9999999999 9999999999 9999999999 9999999999 9999999999 9999999999 9999999999 9999999999 9999999999 9999999999 9999999999 9999999999 9999999999       1.25       1.25      1.259      1.368      1.389      1.382       1.35      1.532       1.82      1.795      1.751       1.72      1.924 9999999999 9999999999 9999999999 9999999999 9999999999 9999999999 9999999999 9999999999 9999999999 9999999999 9999999999 9999999999 9999999999 9999999999 9999999999 9999999999 9999999999 9999999999 9999999999
9999999999 9999999999 9999999999 9999999999 9999999999 9999999999 9999999999 9999999999 9999999999 9999999999 9999999999 9999999999 9999999999 9999999999 9999999999 9999999999 9999999999       1.25       1.25       1.25       1.25       1.25       1.25      1.251      1.252      1.256      1.259      1.262      1.281 9999999999 9999999999 9999999999 9999999999 9999999999 9999999999 9999999999 9999999999 9999999999 9999999999 9999999999 9999999999 9999999999 9999999999 9999999999 9999999999 9999999999 9999999999 9999999999 9999999999 9999999999 9999999999
9999999999 9999999999 9999999999 9999999999 9999999999 9999999999 9999999999 9999999999 9999999999 9999999999 9999999999 9999999999 9999999999 9999999999 9999999999 9999999999 9999999999 9999999999 9999999999 9999999999 9999999999 9999999999 9999999999 9999999999 9999999999 9999999999 9999999999 9999999999 9999999999 9999999999 9999999999 9999999999 9999999999 9999999999 9999999999 9999999999 9999999999 9999999999 9999999999 9999999999 9999999999 9999999999 9999999999 9999999999 9999999999 9999999999 9999999999 9999999999 9999999999 9999999999 9999999999
<EndOfVariable>
<EndOfEpoch>
