# VERSION   1.3
# RECEIVER hof2
# AGENCY Norwegian Mapping Authority
# YEARDOY 2018 108
%
% The S4 index is calculated by computing the normalized standard deviation of the detrended signal power time series,
% and correcting for the ambient noise level.
% The signal power is detrended by filtering the measurement time series Iorig(t) with a 6th order Butterworth low-pass filter,
% and then dividing Iorig(t) by the filter output Ifiltered(t).
%
% The sigma phi index is calculated by detrending raw measurements by a 6th order Butterworth high-pass filter, with a cutoff frequency of 0.3 Hz.
% After detrending, the first and last parts of the time series is truncated to avoid any edge effects.
% Finally, the index is calculated based on one minute of data.
%
%
2019 12 31 23 60   0.0 028
  1  7   11.00   80.40   30.70  309.80  4 1C   0.000   0.037   0.000 2W   0.000   0.029   0.000 2L  -1.000   0.041   0.000 1W  -1.000   0.037   0.000
  1  8  348.00   75.90   31.00  255.00  5 5Q   0.000   0.049   0.000 1C   0.029   0.066   0.000 2W   0.000   0.051   0.000 2L  -1.000   0.053   0.000 1W  -1.000   0.066   0.000
  1 10   25.30   60.00    8.50  135.10  5 5Q   0.000   0.042   0.000 1C   0.028   0.063   0.000 2W   0.000   0.062   0.000 2L  -1.000   0.060   0.000 1W  -1.000   0.063   0.000
  1 13   50.80   78.00    7.20   24.60  3 1C   0.000   0.113   0.000 2W  -1.000   0.107   0.000 1W  -1.000   0.113   0.000
  1 16   17.10   73.70   58.80  163.70  3 1C   0.000   0.034   0.000 2W  -1.000   0.026   0.000 1W  -1.000   0.034   0.000
  1 20   29.30   70.90   26.80  112.70  3 1C   0.000   0.039   0.000 2W  -1.000   0.031   0.000 1W  -1.000   0.039   0.000
  1 21   29.20   74.90   48.30   76.00  3 1C   0.000   0.040   0.000 2W  -1.000   0.032   0.000 1W  -1.000   0.040   0.000
  1 26   17.50   69.70   32.70  151.70  5 5Q   0.000   0.030   0.000 1C   0.059   0.039   0.000 2W   0.000   0.031   0.000 2L  -1.000   0.038   0.000 1W  -1.000   0.039   0.000
  1 27   12.30   75.80   65.30  237.00  5 5Q   0.000   0.027   0.000 1C   0.039   0.037   0.000 2W   0.000   0.029   0.000 2L  -1.000   0.028   0.000 1W  -1.000   0.037   0.000
  1 30   31.90   83.50   10.60  336.10  5 5Q   0.000   0.041   0.000 1C   0.000   0.065   0.000 2W   0.000   0.055   0.000 2L  -1.000   0.063   0.000 1W  -1.000   0.065   0.000
  2  1   34.80   79.10   24.60    4.30  2 1C   0.000   0.081   0.000 2C   0.047   0.082   0.000
  2  2   38.80   73.80   20.10   71.00  2 1C   0.000   0.124   0.000 2C   0.043   0.098   0.000
  2  8   15.80   86.30    5.90  325.50  2 2C   0.000   0.183   0.000 1C   0.224   0.199   0.000
  2  9   14.20   78.20   51.70  301.10  2 1C   0.000   0.064   0.000 2C   0.041   0.052   0.000
  2 16    7.80   72.10   43.10  191.90  2 1C   0.000   0.118   0.000 2C   0.041   0.093   0.000
  2 17   35.20   75.30   30.80   58.90  2 2C   0.000   0.076   0.000 1C   0.054   0.093   0.000
  2 18   21.10   75.60   82.90   96.70  2 1C   0.000   0.093   0.000 2C   0.042   0.072   0.000
  2 19  359.10   74.10   41.00  229.50  2 2C   0.000   0.041   0.000 1C   0.000   0.071   0.000
  3  1   11.00   77.80   51.70  285.00  5 5Q   0.000   0.025   0.000 1C   0.000   0.034   0.000 7Q   0.000   0.025   0.000 8Q   0.024   0.025   0.000 6C   0.000   0.026   0.000
  3  3   48.20   72.50    6.00   67.40  5 5Q   0.000   0.069   0.000 1C   0.000   0.106   0.000 7Q   0.000   0.070   0.000 8Q   0.000   0.054   0.000 6C   0.000   0.070   0.000
  3  5   41.60   78.30   17.30   19.00  5 5Q   0.000   0.033   0.000 1C   0.000   0.052   0.000 7Q   0.000   0.031   0.000 8Q   0.022   0.028   0.000 6C   0.000   0.032   0.000
  3  9   25.70   84.30    9.90  330.00  5 5Q   0.000   0.046   0.000 1C   0.000   0.084   0.000 7Q   0.000   0.045   0.000 8Q   0.019   0.037   0.000 6C   0.000   0.049   0.000
  3 13   18.90   74.60   69.30  157.30  5 7Q   0.000   0.029   0.000 1C   0.000   0.037   0.000 5Q   0.000   0.028   0.000 8Q   0.023   0.028   0.000 6C   0.000   0.029   0.000
  3 15   32.60   75.20   38.30   65.50  5 5Q   0.000   0.028   0.000 1C   0.000   0.037   0.000 7Q   0.000   0.028   0.000 8Q   0.024   0.026   0.000 6C   0.000   0.029   0.000
  3 21   12.00   73.30   51.90  187.90  5 7Q   0.000   0.024   0.000 1C   0.000   0.032   0.000 5Q   0.000   0.024   0.000 8Q   0.023   0.023   0.000 6C   0.000   0.026   0.000
  3 26  348.90   68.70   26.20  214.90  5 5Q   0.000   0.032   0.000 1C   0.000   0.042   0.000 7Q   0.000   0.033   0.000 8Q   0.025   0.029   0.000 6C   0.000   0.033   0.000
  3 27   14.20   55.90    8.70  154.80  5 7Q   0.000   0.048   0.000 1C   0.000   0.073   0.000 5Q   0.000   0.052   0.000 8Q   0.029   0.040   0.000 6C   0.000   0.046   0.000
  3 31  357.20   85.80    8.50  317.60  5 5Q   0.000   0.051   0.000 1C   0.000   0.076   0.000 7Q   0.000   0.049   0.000 8Q   0.010   0.040   0.000 6C   0.000   0.049   0.000
2020 01 01 00 01   0.0 028
  1  7   10.90   80.40   30.80  309.40  4 1C   0.000   0.043   0.000 2W   0.000   0.033   0.000 2L  -1.000   0.044   0.000 1W  -1.000   0.043   0.000
  1  8  348.60   76.00   31.50  255.10  5 5Q   0.000   0.041   0.000 1C   0.040   0.058   0.000 2W   0.000   0.045   0.000 2L  -1.000   0.047   0.000 1W  -1.000   0.058   0.000
  1 10   25.40   60.30    8.90  134.90  5 5Q   0.000   0.046   0.000 1C   0.000   0.072   0.000 2W   0.000   0.055   0.000 2L  -1.000   0.063   0.000 1W  -1.000   0.072   0.000
  1 13   50.50   78.10    7.50   24.30  3 1C   0.000   0.092   0.000 2W  -1.000   0.090   0.000 1W  -1.000   0.092   0.000
  1 16   17.10   73.70   58.40  163.50  3 1C   0.000   0.038   0.000 2W  -1.000   0.028   0.000 1W  -1.000   0.038   0.000
  1 20   29.30   71.00   27.10  112.40  3 1C   0.000   0.048   0.000 2W  -1.000   0.039   0.000 1W  -1.000   0.048   0.000
  1 21   29.30   75.00   48.00   75.60  3 1C   0.000   0.046   0.000 2W  -1.000   0.036   0.000 1W  -1.000   0.046   0.000
  1 26   17.40   69.60   32.20  151.70  5 5Q   0.000   0.034   0.000 1C   0.061   0.045   0.000 2W   0.000   0.034   0.000 2L  -1.000   0.042   0.000 1W  -1.000   0.045   0.000
  1 27   12.50   75.80   65.70  236.70  5 5Q   0.000   0.032   0.000 1C   0.039   0.045   0.000 2W   0.000   0.035   0.000 2L  -1.000   0.033   0.000 1W  -1.000   0.045   0.000
  1 30   31.40   83.50   11.00  335.90  5 5Q   0.000   0.047   0.000 1C   0.063   0.068   0.000 2W   0.000   0.053   0.000 2L  -1.000   0.060   0.000 1W  -1.000   0.068   0.000
  2  1   34.70   79.10   24.50    3.80  2 1C   0.000   0.068   0.000 2C   0.038   0.063   0.000
  2  2   38.70   73.80   20.50   70.60  2 1C   0.000   0.202   0.000 2C   0.045   0.163   0.000
  2  8   14.70   86.50    5.50  325.20  2 2C   0.000   0.135   0.000 1C   0.165   0.164   0.000
  2  9   14.20   78.10   52.00  300.50  2 1C   0.000   0.066   0.000 2C   0.043   0.051   0.000
  2 16    7.60   72.00   42.60  191.70  2 1C   0.000   0.116   0.000 2C   0.039   0.090   0.000
  2 17   35.40   75.30   30.30   59.00  2 2C   0.000   0.073   0.000 1C   0.054   0.095   0.000
  2 18   21.20   75.70   82.50   93.40  2 1C   0.000   0.113   0.000 2C   0.043   0.089   0.000
  2 19  359.50   74.10   41.50  229.70  2 2C   0.000   0.045   0.000 1C   0.000   0.072   0.000
  3  1   11.00   77.80   51.90  284.50  5 5Q   0.000   0.028   0.000 1C   0.000   0.041   0.000 7Q   0.000   0.029   0.000 8Q   0.023   0.028   0.000 6C   0.000   0.030   0.000
  3  3   48.00   72.60    6.30   67.10  5 5Q   0.000   0.063   0.000 1C   0.000   0.102   0.000 7Q   0.000   0.066   0.000 8Q   0.026   0.050   0.000 6C   0.000   0.075   0.000
  3  5   41.60   78.40   17.30   18.70  5 5Q   0.000   0.036   0.000 1C   0.000   0.055   0.000 7Q   0.000   0.035   0.000 8Q   0.021   0.032   0.000 6C   0.000   0.036   0.000
  3  9   25.50   84.40    9.70  329.70  5 5Q   0.000   0.052   0.000 1C   0.000   0.079   0.000 7Q   0.000   0.050   0.000 8Q   0.016   0.043   0.000 6C   0.000   0.054   0.000
  3 13   18.90   74.60   69.50  156.40  5 7Q   0.000   0.028   0.000 1C   0.000   0.039   0.000 5Q   0.000   0.027   0.000 8Q   0.023   0.027   0.000 6C   0.000   0.029   0.000
  3 15   32.70   75.10   38.00   65.40  5 5Q   0.000   0.029   0.000 1C   0.000   0.042   0.000 7Q   0.000   0.029   0.000 8Q   0.024   0.027   0.000 6C   0.000   0.030   0.000
  3 21   11.90   73.20   51.50  187.70  5 7Q   0.000   0.029   0.000 1C   0.000   0.041   0.000 5Q   0.000   0.028   0.000 8Q   0.023   0.028   0.000 6C   0.000   0.031   0.000
  3 26  349.20   68.80   26.60  215.00  5 5Q   0.000   0.035   0.000 1C   0.000   0.048   0.000 7Q   0.000   0.034   0.000 8Q   0.024   0.031   0.000 6C   0.000   0.035   0.000
  3 27   14.10   55.60    8.30  154.90  5 7Q   0.000   0.051   0.000 1C   0.000   0.074   0.000 5Q   0.000   0.054   0.000 8Q   0.028   0.042   0.000 6C   0.000   0.045   0.000
  3 31  358.30   85.60    8.80  317.70  5 5Q   0.000   0.051   0.000 1C   0.000   0.079   0.000 7Q   0.000   0.048   0.000 8Q   0.022   0.038   0.000 6C   0.000   0.050   0.000
